# Number of parameters = 154 Objective function value = 11405.4762337176  Maximum gradient component = 0.000115490240212289
# log_A50flom:
 1.34610470564111
# log_sdA50flom:
 0.589305881753435
# log_A50floh:
 1.50486665093861
# log_sdA50floh:
 0.0802004090811292
# log_A50cruh:
 1.17119745845718 1.39534400160345
# log_sdA50cruh:
 -0.463206264893286 -0.0909144242091153
# log_A50crum:
 1.65891130747390 1.32471499326208
# log_sdA50crum:
 1.06223683813097 0.935255337507811
# log_Ro:
4.83374122584
# log_propmR:
-0.693140000000
# log_dev_Ro:
 -0.530413296693 0.327755012450 0.410708780208 0.162224054873 0.0151818679861 0.392086147902 0.449671680708 0.511692740657 -0.00381270563818 0.0928115538227 -0.00225629713536 0.153646077553 0.00986323646786 0.0538109514428 0.00250818330839 0.257445504581 0.295981673741 0.582526902954 0.266403041293 0.491398433048 0.181008736892 0.260099862038 0.0959468144837 -0.349313796380 0.585373125830 0.0215248292961 -0.656364129316 -0.925757296497 -0.350071901639 -0.194743061408 -0.500979694540 -0.993265513694 -0.734720808389 -0.127669147973 -0.234777187691 -0.0155243745432
# log_dev_Nom:
 0.300237468525 -0.739370595347 -0.567883389819 -0.245522500343 -0.335724852376 0.237193333367 0.482068572875 0.193505075651 0.0511312845847 0.00302245883852 -0.00106714747250
# log_dev_Noh:
 -0.476946959905 0.617807586859 0.463834892186 -0.353418783505 -0.0785242086559 -0.295422528049 -0.0448775552732 0.131739089187 0.0769196068833 0.0206651686173 0.00175724781008
# log_Fm:
 -0.685238178545 -0.406295674523 -0.739718695726 -0.200000001969 -0.668619141764 -1.20849525741 -0.731327823262 -1.87454090199 -1.99275750199 -2.18164178002 -1.60753295481 -1.07270770826 -1.14441908288 -0.894076374258 -0.309186201097 -0.200000000941 -0.200000133478 -1.55404349940 -0.716314618212 -1.39329141873 -0.987610242944 -1.27678703715 -1.99914622170 -1.75362235089 -1.86040034741 -2.17225601977 -2.32014605974 -1.63848370556 -2.74290224856 -2.16295172293 -1.77819185461 -1.27553846532 -1.80200738057 -1.56298414153 -1.64676377079 -1.54890514248
# log_Fh:
 -0.200000002629 -0.200000003560 -0.904574337907 -0.200000007886 -0.323558066017 -0.582778238938 -0.200000153281 -1.43648785886 -1.52325173812 -1.61728519019 -0.953508940783 -0.729604137219 -1.78869519138 -1.19628389113 -0.200000003983 -0.714901989084 -0.213431754597 -1.63840333714 -0.480448420384 -1.29193985994 -0.693908185473 -1.33157682197 -1.84230260402 -1.96208559435 -2.05563225659 -2.21251772001 -1.73548370283 -2.62300586928 -2.48502259273 -2.47494776212 -1.93340670859 -1.62197437658 -2.01912581307 -2.25152621289 -2.49305631956 -2.39482386626
# log_qflo:
 -8.60382283961
# log_qcru:
 0.488356043696 0.263459058012
# log_Lom:
2.98038791117
# log_cv_edadm:
-2.67205859859
# log_Loh:
2.30314367948
# log_cv_edadh:
-2.72281154791
# log_Mh:
-1.20397280433
# log_Mm:
-1.20397280433
# log_Fref:
 -0.622857063913 -1.07546190828 -1.27990524645 -1.43906098206
