# Number of parameters = 151 Objective function value = 11105.2942731670  Maximum gradient component = 6.23641125926107e-05
# log_A50flom:
 1.31796704289811
# log_sdA50flom:
 0.561726266404093
# log_A50floh:
 1.50424258901777
# log_sdA50floh:
 0.0861535888853241
# log_A50cruh:
 1.17226571932342 1.39069503749862
# log_sdA50cruh:
 -0.471038018242111 -0.0938812489537603
# log_A50crum:
 1.64413703410816 1.28234374564472
# log_sdA50crum:
 1.05369537524280 0.877934228724030
# log_Ro:
4.93402609689
# log_pRm:
-0.693140000000
# dev_log_Ro:
 -0.435925606141 0.238170759478 0.480090858276 0.183457605831 0.0141365725814 0.404700379083 0.448370610821 0.518642746654 0.00422936424796 0.103268267386 -0.00733916439371 0.164104307393 0.0387600063721 0.0621586770473 0.00876955999506 0.252237429363 0.304059845626 0.586814681397 0.277207119554 0.489757506351 0.194884200073 0.252324145686 0.0963214632117 -0.355160095029 0.570261389063 -0.00176857411995 -0.699389014224 -1.00307883140 -0.505825795121 -0.693306070893 -0.885023348533 -0.861051249473 -0.452842010829 0.215211633978 -0.00722936930995
# dev_log_Nom:
 0.301663420791 -0.791145271222 -0.572844522807 -0.241561773849 -0.303218613254 0.298714734778 0.512993676924 0.201081650503 0.0551013135039 0.00514925982007 -0.000211224125879
# dev_log_Noh:
 -0.383874408428 0.664096704288 0.509291866284 -0.337836485451 -0.0616650718013 -0.289475146727 -0.0444231613082 0.128762903813 0.0748339684231 0.0198983699991 0.00163763786069
# log_Fm:
 -0.713722555655 -0.413761093811 -0.749319177552 -0.200000001811 -0.661939693810 -1.21715957663 -0.767171809871 -1.89379417195 -2.00812657983 -2.19604819032 -1.61762606783 -1.09405484952 -1.19541624503 -0.932103552494 -0.335711519596 -0.200000001048 -0.250850859722 -1.59418585932 -0.750741014170 -1.43283304735 -1.02333429703 -1.32669562903 -2.02510092482 -1.79293557573 -1.89160868312 -2.19017439741 -2.30289438973 -1.68424578252 -2.74071522928 -2.17051536426 -1.75812357405 -1.23525624885 -1.71193081735 -1.41267772017 -1.42331357145
# log_Fh:
 -0.200000002688 -0.200000003853 -0.916838467822 -0.200000012560 -0.353701523793 -0.598356629323 -0.200000022736 -1.43117382916 -1.51210142269 -1.59603899298 -0.925643852085 -0.713831613683 -1.80356113849 -1.19805900870 -0.200000003864 -0.688712394062 -0.200001632935 -1.62751154581 -0.453442905347 -1.27059923336 -0.657498940509 -1.31861092160 -1.81248312811 -1.95380434022 -2.04396431083 -2.19331479056 -1.67739349563 -2.63118840392 -2.44505123564 -2.45884125220 -1.90948071041 -1.60325839431 -1.98523508860 -2.17570934490 -2.27246125052
# log_qflo:
 -8.59943550389
# log_qcru:
 0.542158008319 0.299616348774
# log_Lom:
2.98406020410
# log_cv_edadm:
-2.67216692211
# log_Loh:
2.29954846766
# log_cv_edadh:
-2.71609081963
# log_Mh:
-1.20397280433
# log_Mm:
-1.20397280433
# log_Fref:
 -0.655147566803 -1.10155950862 -1.30394721066 -1.46174421300
